0.000000 	 0.000000 	 5.000000 	 15.000000
10.000000 	 0.000000 	 5.000000 	 15.000000
20.000000 	 0.000000 	 5.000000 	 14.806165
30.000000 	 0.000000 	 5.000000 	 14.616088
40.000000 	 0.000000 	 5.000000 	 14.429695
50.000000 	 0.000000 	 5.000000 	 14.246915
60.000000 	 0.000000 	 5.000000 	 14.067678
70.000000 	 0.000000 	 5.000000 	 13.891915
80.000000 	 0.000000 	 5.000000 	 13.719559
90.000000 	 0.000000 	 5.000000 	 13.550544
100.000000 	 0.000000 	 5.000000 	 13.384805
110.000000 	 0.000000 	 5.000000 	 13.222278
120.000000 	 0.000000 	 5.000000 	 13.062901
130.000000 	 0.000000 	 5.000000 	 12.906614
140.000000 	 0.000000 	 5.000000 	 12.753357
150.000000 	 0.000000 	 5.000000 	 12.603069
160.000000 	 0.000000 	 5.000000 	 12.455695
170.000000 	 0.000000 	 5.000000 	 12.311178
180.000000 	 0.000000 	 5.000000 	 12.169462
190.000000 	 0.000000 	 5.000000 	 12.030494
200.000000 	 0.000000 	 5.000000 	 11.894218
210.000000 	 0.000000 	 5.000000 	 11.760585
220.000000 	 0.000000 	 5.000000 	 11.629541
230.000000 	 0.000000 	 5.000000 	 11.501038
240.000000 	 0.000000 	 5.000000 	 11.375025
250.000000 	 0.000000 	 5.000000 	 11.251454
260.000000 	 0.000000 	 5.000000 	 11.130280
270.000000 	 0.000000 	 5.000000 	 11.011454
280.000000 	 0.000000 	 5.000000 	 10.894931
290.000000 	 0.000000 	 5.000000 	 10.780667
300.000000 	 0.000000 	 5.000000 	 10.668618
310.000000 	 0.000000 	 5.000000 	 10.558741
320.000000 	 0.000000 	 5.000000 	 10.450994
330.000000 	 0.000000 	 5.000000 	 10.345334
340.000000 	 0.000000 	 5.000000 	 10.241723
350.000000 	 0.000000 	 5.000000 	 10.140121
360.000000 	 0.000000 	 5.000000 	 10.040487
370.000000 	 -2.363578 	 5.000000 	 9.942785
380.000000 	 -2.356936 	 5.000000 	 9.942785
390.000000 	 -2.299722 	 5.000000 	 9.942785
400.000000 	 -2.242508 	 5.000000 	 9.942785
410.000000 	 -2.185294 	 5.000000 	 9.942785
420.000000 	 -2.128080 	 5.000000 	 9.942785
430.000000 	 -2.070866 	 5.000000 	 9.942785
440.000000 	 -2.013652 	 5.000000 	 9.942785
450.000000 	 -1.956438 	 5.000000 	 9.942785
460.000000 	 -1.899224 	 5.000000 	 9.942785
470.000000 	 -1.842010 	 5.000000 	 9.942785
480.000000 	 -1.784796 	 5.000000 	 9.942785
490.000000 	 -1.727582 	 5.000000 	 9.942785
500.000000 	 -1.670367 	 5.000000 	 9.942785
510.000000 	 -1.613153 	 5.000000 	 9.942785
520.000000 	 -1.555939 	 5.000000 	 9.942785
530.000000 	 -1.498725 	 5.000000 	 9.942785
540.000000 	 -1.441511 	 5.000000 	 9.942785
550.000000 	 -1.384297 	 5.000000 	 9.942785
560.000000 	 -1.327083 	 5.000000 	 9.942785
570.000000 	 -1.269868 	 5.000000 	 9.942785
580.000000 	 -1.212654 	 5.000000 	 9.942785
590.000000 	 -1.155440 	 5.000000 	 9.942785
600.000000 	 -1.098226 	 5.000000 	 9.942785
610.000000 	 -1.041012 	 5.000000 	 9.942785
620.000000 	 -0.983798 	 5.000000 	 9.942785
630.000000 	 -0.926584 	 5.000000 	 9.942785
640.000000 	 -0.869370 	 5.000000 	 9.942785
650.000000 	 -0.812155 	 5.000000 	 9.942785
660.000000 	 -0.754941 	 5.000000 	 9.942785
670.000000 	 -0.697727 	 5.000000 	 9.942785
680.000000 	 -0.640513 	 5.000000 	 9.942785
690.000000 	 -0.583299 	 5.000000 	 9.942785
700.000000 	 -0.526085 	 5.000000 	 9.942785
710.000000 	 -0.468871 	 5.000000 	 9.942785
720.000000 	 -0.411657 	 5.000000 	 9.942785
730.000000 	 -0.354443 	 5.000000 	 9.942785
740.000000 	 -0.297229 	 5.000000 	 9.942785
750.000000 	 -0.240015 	 5.000000 	 9.942785
760.000000 	 -0.182801 	 5.000000 	 9.942785
770.000000 	 -0.125586 	 5.000000 	 9.942785
780.000000 	 -0.068372 	 5.000000 	 9.942785
790.000000 	 -0.011158 	 5.000000 	 9.942785
800.000000 	 0.046056 	 5.000000 	 9.942785
810.000000 	 0.247644 	 5.000000 	 9.847173
820.000000 	 0.539794 	 5.000000 	 9.754272
830.000000 	 0.920276 	 5.000000 	 9.664413
840.000000 	 1.385569 	 5.000000 	 9.577917
850.000000 	 1.931870 	 5.000000 	 9.495077
860.000000 	 2.555113 	 5.000000 	 9.416167
870.000000 	 3.250988 	 5.000000 	 9.341439
880.000000 	 4.014976 	 5.000000 	 9.271120
890.000000 	 4.842360 	 5.000000 	 9.205415
900.000000 	 5.728254 	 5.000000 	 9.144504
910.000000 	 6.667632 	 5.000000 	 9.088543
920.000000 	 7.655345 	 5.000000 	 9.037664
930.000000 	 8.686154 	 5.000000 	 8.991974
940.000000 	 9.754744 	 5.000000 	 8.951555
950.000000 	 10.855755 	 5.000000 	 8.916468
960.000000 	 11.983806 	 5.000000 	 8.886744
970.000000 	 13.133513 	 5.000000 	 8.862398
980.000000 	 14.299523 	 5.000000 	 8.843415
990.000000 	 15.476521 	 5.000000 	 8.829762
1000.000000 	 16.659264 	 5.000000 	 8.821382
1010.000000 	 17.842596 	 5.000000 	 8.818195
1020.000000 	 19.021507 	 5.000000 	 8.820107
1030.000000 	 20.191099 	 5.000000 	 8.826998
1040.000000 	 21.346537 	 5.000000 	 8.838732
1050.000000 	 22.483204 	 5.000000 	 8.855155
1060.000000 	 23.596668 	 5.000000 	 8.876096
1070.000000 	 24.682695 	 5.000000 	 8.901369
1080.000000 	 25.737249 	 5.000000 	 8.930773
1090.000000 	 26.756523 	 5.000000 	 8.964094
1100.000000 	 27.736935 	 5.000000 	 9.001107
1110.000000 	 28.675150 	 5.000000 	 9.041574
1120.000000 	 29.568085 	 5.000000 	 9.085249
1130.000000 	 30.412914 	 5.000000 	 9.131876
1140.000000 	 31.207081 	 5.000000 	 9.181194
1150.000000 	 31.948290 	 5.000000 	 9.232936
1160.000000 	 32.634525 	 5.000000 	 9.286829
1170.000000 	 33.264053 	 5.000000 	 9.342597
1180.000000 	 33.835415 	 5.000000 	 9.399963
1190.000000 	 34.347431 	 5.000000 	 9.458649
1200.000000 	 34.799198 	 5.000000 	 9.518374
1210.000000 	 35.190090 	 5.000000 	 9.578865
1220.000000 	 35.519753 	 5.000000 	 9.639847
1230.000000 	 35.788097 	 5.000000 	 9.701049
1240.000000 	 35.995308 	 5.000000 	 9.762207
1250.000000 	 36.141815 	 5.000000 	 9.823061
1260.000000 	 36.228302 	 5.000000 	 9.883359
1270.000000 	 36.255688 	 5.000000 	 9.942856
1280.000000 	 0.000000 	 5.000000 	 10.001316
1290.000000 	 36.370346 	 5.000000 	 9.904373
1300.000000 	 36.376640 	 5.000000 	 9.964067
1310.000000 	 0.000000 	 5.000000 	 10.022632
1320.000000 	 36.470558 	 5.000000 	 9.925276
1330.000000 	 36.455914 	 5.000000 	 9.984991
1340.000000 	 0.000000 	 5.000000 	 10.043487
1350.000000 	 36.529613 	 5.000000 	 9.945726
1360.000000 	 0.000000 	 5.000000 	 10.005297
1370.000000 	 36.640045 	 5.000000 	 9.908277
1380.000000 	 36.640850 	 5.000000 	 9.969043
1390.000000 	 0.000000 	 5.000000 	 10.028635
1400.000000 	 36.728397 	 5.000000 	 9.931163
1410.000000 	 36.706417 	 5.000000 	 9.991861
1420.000000 	 0.000000 	 5.000000 	 10.051290
1430.000000 	 36.772053 	 5.000000 	 9.953379
1440.000000 	 0.000000 	 5.000000 	 10.013832
1450.000000 	 36.873756 	 5.000000 	 9.916647
1460.000000 	 36.864956 	 5.000000 	 9.978246
1470.000000 	 0.000000 	 5.000000 	 10.038612
1480.000000 	 36.942421 	 5.000000 	 9.940947
1490.000000 	 0.000000 	 5.000000 	 10.002366
1500.000000 	 37.054768 	 5.000000 	 9.905403
1510.000000 	 37.055752 	 5.000000 	 9.967990
1520.000000 	 0.000000 	 5.000000 	 10.029367
1530.000000 	 37.141663 	 5.000000 	 9.931881
1540.000000 	 37.116379 	 5.000000 	 9.994324
1550.000000 	 0.000000 	 5.000000 	 10.055449
1560.000000 	 37.177097 	 5.000000 	 9.957457
1570.000000 	 0.000000 	 5.000000 	 10.019555
1580.000000 	 37.272423 	 5.000000 	 9.922258
1590.000000 	 37.255665 	 5.000000 	 9.985444
1600.000000 	 0.000000 	 5.000000 	 10.047334
1610.000000 	 37.323860 	 5.000000 	 9.949499
1620.000000 	 0.000000 	 5.000000 	 10.012376
1630.000000 	 37.425770 	 5.000000 	 9.915218
1640.000000 	 37.414886 	 5.000000 	 9.979193
1650.000000 	 0.000000 	 5.000000 	 10.041882
1660.000000 	 37.487965 	 5.000000 	 9.944153
1670.000000 	 0.000000 	 5.000000 	 10.007832
1680.000000 	 37.593880 	 5.000000 	 9.910763
1690.000000 	 37.586262 	 5.000000 	 9.975539
1700.000000 	 0.000000 	 5.000000 	 10.039028
1710.000000 	 37.661697 	 5.000000 	 9.941355
1720.000000 	 0.000000 	 5.000000 	 10.005827
1730.000000 	 37.769161 	 5.000000 	 9.908796
1740.000000 	 37.762352 	 5.000000 	 9.974357
1750.000000 	 0.000000 	 5.000000 	 10.038617
1760.000000 	 37.837784 	 5.000000 	 9.940951
1770.000000 	 0.000000 	 5.000000 	 10.006181
1780.000000 	 37.944523 	 5.000000 	 9.909143
1790.000000 	 37.936275 	 5.000000 	 9.975444
1800.000000 	 0.000000 	 5.000000 	 10.040423
1810.000000 	 38.009579 	 5.000000 	 9.942722
1820.000000 	 0.000000 	 5.000000 	 10.008648
1830.000000 	 38.113579 	 5.000000 	 9.911563
1840.000000 	 38.101917 	 5.000000 	 9.978536
1850.000000 	 0.000000 	 5.000000 	 10.044160
1860.000000 	 38.171249 	 5.000000 	 9.946387
1870.000000 	 0.000000 	 5.000000 	 10.012930
1880.000000 	 38.270782 	 5.000000 	 9.915762
1890.000000 	 38.254051 	 5.000000 	 9.983322
1900.000000 	 0.000000 	 5.000000 	 10.049501
1910.000000 	 38.317921 	 5.000000 	 9.951624
1920.000000 	 0.000000 	 5.000000 	 10.018689
1930.000000 	 38.411602 	 5.000000 	 9.921410
1940.000000 	 38.388493 	 5.000000 	 9.989459
1950.000000 	 0.000000 	 5.000000 	 10.056091
1960.000000 	 38.445724 	 5.000000 	 9.958087
1970.000000 	 0.000000 	 5.000000 	 10.025571
1980.000000 	 38.532516 	 5.000000 	 9.928158
1990.000000 	 38.502094 	 5.000000 	 9.996592
2000.000000 	 0.000000 	 5.000000 	 10.063569
2010.000000 	 38.551888 	 5.000000 	 9.965420
2020.000000 	 0.000000 	 5.000000 	 10.033214
2030.000000 	 38.631104 	 5.000000 	 9.935652
2040.000000 	 0.000000 	 5.000000 	 10.004359
2050.000000 	 38.737881 	 5.000000 	 9.907357
2060.000000 	 38.726368 	 5.000000 	 9.977068
2070.000000 	 0.000000 	 5.000000 	 10.045378
2080.000000 	 38.793125 	 5.000000 	 9.947580
2090.000000 	 0.000000 	 5.000000 	 10.016746
2100.000000 	 38.887650 	 5.000000 	 9.919504
2110.000000 	 38.863396 	 5.000000 	 9.989616
2120.000000 	 0.000000 	 5.000000 	 10.058266
2130.000000 	 38.917469 	 5.000000 	 9.960218
2140.000000 	 0.000000 	 5.000000 	 10.029668
2150.000000 	 38.999302 	 5.000000 	 9.932176
2160.000000 	 0.000000 	 5.000000 	 10.002517
2170.000000 	 39.107044 	 5.000000 	 9.905551
2180.000000 	 39.094967 	 5.000000 	 9.976867
2190.000000 	 0.000000 	 5.000000 	 10.046749
2200.000000 	 39.159576 	 5.000000 	 9.948926
2210.000000 	 0.000000 	 5.000000 	 10.019625
2220.000000 	 39.250534 	 5.000000 	 9.922327
2230.000000 	 39.221252 	 5.000000 	 9.993929
2240.000000 	 0.000000 	 5.000000 	 10.064017
2250.000000 	 39.268997 	 5.000000 	 9.965859
2260.000000 	 0.000000 	 5.000000 	 10.036695
2270.000000 	 39.343307 	 5.000000 	 9.939067
2280.000000 	 0.000000 	 5.000000 	 10.010738
2290.000000 	 39.442410 	 5.000000 	 9.913612
2300.000000 	 39.420387 	 5.000000 	 9.986199
2310.000000 	 0.000000 	 5.000000 	 10.057285
2320.000000 	 39.474148 	 5.000000 	 9.959257
2330.000000 	 0.000000 	 5.000000 	 10.031094
2340.000000 	 39.553398 	 5.000000 	 9.933574
2350.000000 	 0.000000 	 5.000000 	 10.006246
2360.000000 	 39.656364 	 5.000000 	 9.909207
2370.000000 	 39.637272 	 5.000000 	 9.982790
2380.000000 	 0.000000 	 5.000000 	 10.054865
2390.000000 	 39.692863 	 5.000000 	 9.956884
2400.000000 	 0.000000 	 5.000000 	 10.029698
2410.000000 	 39.772987 	 5.000000 	 9.932205
2420.000000 	 0.000000 	 5.000000 	 10.005838
2430.000000 	 39.875866 	 5.000000 	 9.908808
2440.000000 	 39.855778 	 5.000000 	 9.983332
2450.000000 	 0.000000 	 5.000000 	 10.056326
2460.000000 	 39.909477 	 5.000000 	 9.958317
2470.000000 	 0.000000 	 5.000000 	 10.032024
2480.000000 	 39.986889 	 5.000000 	 9.934486
2490.000000 	 0.000000 	 5.000000 	 10.008986
2500.000000 	 40.086277 	 5.000000 	 9.911894
2510.000000 	 40.061874 	 5.000000 	 9.987253
2520.000000 	 0.000000 	 5.000000 	 10.061049
2530.000000 	 40.110569 	 5.000000 	 9.962948
2540.000000 	 0.000000 	 5.000000 	 10.037421
2550.000000 	 40.182365 	 5.000000 	 9.939778
2560.000000 	 0.000000 	 5.000000 	 10.015007
2570.000000 	 40.275543 	 5.000000 	 9.917799
2580.000000 	 40.244202 	 5.000000 	 9.993850
2590.000000 	 0.000000 	 5.000000 	 10.068293
2600.000000 	 40.285526 	 5.000000 	 9.970052
2610.000000 	 0.000000 	 5.000000 	 10.045132
2620.000000 	 40.349533 	 5.000000 	 9.947340
2630.000000 	 0.000000 	 5.000000 	 10.023133
2640.000000 	 40.434544 	 5.000000 	 9.925768
2650.000000 	 0.000000 	 5.000000 	 10.002341
2660.000000 	 40.539341 	 5.000000 	 9.905378
2670.000000 	 40.518417 	 5.000000 	 9.982792
2680.000000 	 0.000000 	 5.000000 	 10.058617
2690.000000 	 40.568417 	 5.000000 	 9.960563
2700.000000 	 0.000000 	 5.000000 	 10.037031
2710.000000 	 40.639591 	 5.000000 	 9.939396
2720.000000 	 0.000000 	 5.000000 	 10.016578
2730.000000 	 40.730274 	 5.000000 	 9.919339
2740.000000 	 40.694576 	 5.000000 	 9.997295
2750.000000 	 0.000000 	 5.000000 	 10.073588
2760.000000 	 40.729797 	 5.000000 	 9.975245
2770.000000 	 0.000000 	 5.000000 	 10.052114
2780.000000 	 40.786133 	 5.000000 	 9.954186
2790.000000 	 0.000000 	 5.000000 	 10.031705
2800.000000 	 40.861954 	 5.000000 	 9.934173
2810.000000 	 0.000000 	 5.000000 	 10.012402
2820.000000 	 40.956165 	 5.000000 	 9.915244
2830.000000 	 40.923027 	 5.000000 	 9.994241
2840.000000 	 0.000000 	 5.000000 	 10.071565
2850.000000 	 40.959679 	 5.000000 	 9.973260
2860.000000 	 0.000000 	 5.000000 	 10.051147
2870.000000 	 41.016438 	 5.000000 	 9.953238
2880.000000 	 0.000000 	 5.000000 	 10.031754
2890.000000 	 41.091717 	 5.000000 	 9.934222
2900.000000 	 0.000000 	 5.000000 	 10.013428
2910.000000 	 41.184444 	 5.000000 	 9.916250
2920.000000 	 41.148888 	 5.000000 	 9.996199
2930.000000 	 0.000000 	 5.000000 	 10.074446
2940.000000 	 41.182262 	 5.000000 	 9.976086
2950.000000 	 0.000000 	 5.000000 	 10.054865
2960.000000 	 41.234970 	 5.000000 	 9.956884
2970.000000 	 0.000000 	 5.000000 	 10.036260
2980.000000 	 41.305443 	 5.000000 	 9.938640
2990.000000 	 0.000000 	 5.000000 	 10.018669
3000.000000 	 41.392666 	 5.000000 	 9.921390
3010.000000 	 0.000000 	 5.000000 	 10.002125
3020.000000 	 41.495602 	 5.000000 	 9.905167
3030.000000 	 41.468857 	 5.000000 	 9.986653
3040.000000 	 0.000000 	 5.000000 	 10.066447
3050.000000 	 41.509186 	 5.000000 	 9.968242
3060.000000 	 0.000000 	 5.000000 	 10.048564
3070.000000 	 41.567242 	 5.000000 	 9.950706
3080.000000 	 0.000000 	 5.000000 	 10.031614
3090.000000 	 41.641464 	 5.000000 	 9.934084
3100.000000 	 0.000000 	 5.000000 	 10.015632
3110.000000 	 41.730877 	 5.000000 	 9.918411
3120.000000 	 0.000000 	 5.000000 	 10.000643
3130.000000 	 41.834503 	 5.000000 	 9.903713
3140.000000 	 41.807030 	 5.000000 	 9.986670
3150.000000 	 0.000000 	 5.000000 	 10.067903
3160.000000 	 41.845207 	 5.000000 	 9.969669
3170.000000 	 0.000000 	 5.000000 	 10.051394
3180.000000 	 41.899811 	 5.000000 	 9.953480
3190.000000 	 0.000000 	 5.000000 	 10.035750
3200.000000 	 41.969330 	 5.000000 	 9.938140
3210.000000 	 0.000000 	 5.000000 	 10.021004
3220.000000 	 42.052872 	 5.000000 	 9.923679
3230.000000 	 0.000000 	 5.000000 	 10.007179
3240.000000 	 42.149521 	 5.000000 	 9.910123
3250.000000 	 42.113842 	 5.000000 	 9.994296
3260.000000 	 0.000000 	 5.000000 	 10.076686
3270.000000 	 42.142883 	 5.000000 	 9.978282
3280.000000 	 0.000000 	 5.000000 	 10.061106
3290.000000 	 42.187511 	 5.000000 	 9.963004
3300.000000 	 0.000000 	 5.000000 	 10.046314
3310.000000 	 42.246254 	 5.000000 	 9.948500
3320.000000 	 0.000000 	 5.000000 	 10.032341
3330.000000 	 42.318298 	 5.000000 	 9.934797
3340.000000 	 0.000000 	 5.000000 	 10.019211
3350.000000 	 42.402809 	 5.000000 	 9.921921
3360.000000 	 0.000000 	 5.000000 	 10.006943
3370.000000 	 42.498924 	 5.000000 	 9.909891
3380.000000 	 42.461273 	 5.000000 	 9.995556
3390.000000 	 0.000000 	 5.000000 	 10.079400
3400.000000 	 42.486923 	 5.000000 	 9.980944
3410.000000 	 0.000000 	 5.000000 	 10.065180
3420.000000 	 42.526890 	 5.000000 	 9.966999
3430.000000 	 0.000000 	 5.000000 	 10.051676
3440.000000 	 42.579746 	 5.000000 	 9.953756
3450.000000 	 0.000000 	 5.000000 	 10.038915
3460.000000 	 42.644753 	 5.000000 	 9.941243
3470.000000 	 0.000000 	 5.000000 	 10.026920
3480.000000 	 42.721142 	 5.000000 	 9.929482
3490.000000 	 0.000000 	 5.000000 	 10.015712
3500.000000 	 42.808136 	 5.000000 	 9.918490
3510.000000 	 0.000000 	 5.000000 	 10.005304
3520.000000 	 42.904949 	 5.000000 	 9.908284
3530.000000 	 42.866299 	 5.000000 	 9.995708
3540.000000 	 0.000000 	 5.000000 	 10.081272
3550.000000 	 42.889240 	 5.000000 	 9.982780
3560.000000 	 0.000000 	 5.000000 	 10.068692
3570.000000 	 42.924957 	 5.000000 	 9.970444
3580.000000 	 0.000000 	 5.000000 	 10.056747
3590.000000 	 42.972080 	 5.000000 	 9.958731
3600.000000 	 0.000000 	 5.000000 	 10.045463
3610.000000 	 43.029942 	 5.000000 	 9.947664
3620.000000 	 0.000000 	 5.000000 	 10.034856
3630.000000 	 43.097870 	 5.000000 	 9.937263
3640.000000 	 0.000000 	 5.000000 	 10.024945
3650.000000 	 43.175179 	 5.000000 	 9.927545
3660.000000 	 0.000000 	 5.000000 	 10.015744
3670.000000 	 43.261162 	 5.000000 	 9.918522
3680.000000 	 0.000000 	 5.000000 	 10.007263
3690.000000 	 43.355106 	 5.000000 	 9.910205
3700.000000 	 43.311760 	 5.000000 	 9.999506
3710.000000 	 0.000000 	 5.000000 	 10.086892
3720.000000 	 43.328289 	 5.000000 	 9.988291
3730.000000 	 0.000000 	 5.000000 	 10.075965
3740.000000 	 43.356071 	 5.000000 	 9.977575
3750.000000 	 0.000000 	 5.000000 	 10.065575
3760.000000 	 43.393772 	 5.000000 	 9.967386
3770.000000 	 0.000000 	 5.000000 	 10.055744
3780.000000 	 43.440838 	 5.000000 	 9.957747
3790.000000 	 0.000000 	 5.000000 	 10.046492
3800.000000 	 43.496700 	 5.000000 	 9.948673
3810.000000 	 0.000000 	 5.000000 	 10.037831
3820.000000 	 43.560757 	 5.000000 	 9.940181
3830.000000 	 0.000000 	 5.000000 	 10.029777
3840.000000 	 43.632420 	 5.000000 	 9.932282
3850.000000 	 0.000000 	 5.000000 	 10.022336
3860.000000 	 43.711071 	 5.000000 	 9.924986
3870.000000 	 0.000000 	 5.000000 	 10.015515
3880.000000 	 43.796116 	 5.000000 	 9.918297
3890.000000 	 0.000000 	 5.000000 	 10.009318
3900.000000 	 43.886925 	 5.000000 	 9.912220
3910.000000 	 0.000000 	 5.000000 	 10.003746
3920.000000 	 43.982891 	 5.000000 	 9.906756
3930.000000 	 43.938938 	 5.000000 	 9.998796
3940.000000 	 0.000000 	 5.000000 	 10.088865
3950.000000 	 43.952164 	 5.000000 	 9.990226
3960.000000 	 0.000000 	 5.000000 	 10.080517
3970.000000 	 43.974216 	 5.000000 	 9.982038
3980.000000 	 0.000000 	 5.000000 	 10.072582
3990.000000 	 44.003841 	 5.000000 	 9.974258
4000.000000 	 0.000000 	 5.000000 	 10.065079
4010.000000 	 44.040615 	 5.000000 	 9.966900
4020.000000 	 0.000000 	 5.000000 	 10.058020
4030.000000 	 44.084091 	 5.000000 	 9.959978
4040.000000 	 0.000000 	 5.000000 	 10.051417
4050.000000 	 44.133823 	 5.000000 	 9.953504
4060.000000 	 0.000000 	 5.000000 	 10.045280
4070.000000 	 44.189339 	 5.000000 	 9.947485
4080.000000 	 0.000000 	 5.000000 	 10.039614
4090.000000 	 44.250187 	 5.000000 	 9.941929
4100.000000 	 0.000000 	 5.000000 	 10.034425
4110.000000 	 44.315884 	 5.000000 	 9.936840
4120.000000 	 0.000000 	 5.000000 	 10.029714
4130.000000 	 44.385967 	 5.000000 	 9.932220
4140.000000 	 0.000000 	 5.000000 	 10.025482
4150.000000 	 44.459969 	 5.000000 	 9.928071
4160.000000 	 0.000000 	 5.000000 	 10.021728
4170.000000 	 44.537415 	 5.000000 	 9.924390
4180.000000 	 0.000000 	 5.000000 	 10.018447
4190.000000 	 44.617840 	 5.000000 	 9.921172
4200.000000 	 0.000000 	 5.000000 	 10.015635
4210.000000 	 44.700802 	 5.000000 	 9.918414
4220.000000 	 0.000000 	 5.000000 	 10.013283
4230.000000 	 44.785843 	 5.000000 	 9.916108
4240.000000 	 0.000000 	 5.000000 	 10.011383
4250.000000 	 44.872524 	 5.000000 	 9.914246
4260.000000 	 0.000000 	 5.000000 	 10.009926
4270.000000 	 44.960419 	 5.000000 	 9.912816
4280.000000 	 0.000000 	 5.000000 	 10.008898
4290.000000 	 45.049110 	 5.000000 	 9.911808
4300.000000 	 0.000000 	 5.000000 	 10.008286
4310.000000 	 45.138195 	 5.000000 	 9.911209
4320.000000 	 0.000000 	 5.000000 	 10.008079
4330.000000 	 45.227283 	 5.000000 	 9.911005
4340.000000 	 0.000000 	 5.000000 	 10.008258
4350.000000 	 45.316010 	 5.000000 	 9.911180
4360.000000 	 0.000000 	 5.000000 	 10.008807
4370.000000 	 45.404026 	 5.000000 	 9.911719
4380.000000 	 0.000000 	 5.000000 	 10.009710
4390.000000 	 45.490982 	 5.000000 	 9.912604
4400.000000 	 0.000000 	 5.000000 	 10.010948
4410.000000 	 45.576561 	 5.000000 	 9.913818
4420.000000 	 0.000000 	 5.000000 	 10.012503
4430.000000 	 45.660458 	 5.000000 	 9.915343
4440.000000 	 0.000000 	 5.000000 	 10.014355
4450.000000 	 45.742393 	 5.000000 	 9.917159
4460.000000 	 0.000000 	 5.000000 	 10.016484
4470.000000 	 45.822102 	 5.000000 	 9.919248
4480.000000 	 0.000000 	 5.000000 	 10.018871
4490.000000 	 45.899345 	 5.000000 	 9.921589
4500.000000 	 0.000000 	 5.000000 	 10.021496
4510.000000 	 45.973904 	 5.000000 	 9.924162
4520.000000 	 0.000000 	 5.000000 	 10.024337
4530.000000 	 46.045559 	 5.000000 	 9.926948
4540.000000 	 0.000000 	 5.000000 	 10.027372
4550.000000 	 46.114151 	 5.000000 	 9.929924
4560.000000 	 0.000000 	 5.000000 	 10.030583
4570.000000 	 46.179504 	 5.000000 	 9.933073
4580.000000 	 0.000000 	 5.000000 	 10.033950
4590.000000 	 46.241482 	 5.000000 	 9.936375
4600.000000 	 0.000000 	 5.000000 	 10.037451
4610.000000 	 46.299957 	 5.000000 	 9.939808
4620.000000 	 0.000000 	 5.000000 	 10.041066
4630.000000 	 46.354832 	 5.000000 	 9.943353
4640.000000 	 0.000000 	 5.000000 	 10.044776
4650.000000 	 46.406025 	 5.000000 	 9.946991
4660.000000 	 0.000000 	 5.000000 	 10.048561
4670.000000 	 46.453465 	 5.000000 	 9.950703
4680.000000 	 0.000000 	 5.000000 	 10.052402
4690.000000 	 46.497108 	 5.000000 	 9.954470
4700.000000 	 0.000000 	 5.000000 	 10.056283
4710.000000 	 46.536934 	 5.000000 	 9.958275
4720.000000 	 0.000000 	 5.000000 	 10.060184
4730.000000 	 46.572922 	 5.000000 	 9.962100
4740.000000 	 0.000000 	 5.000000 	 10.064088
4750.000000 	 46.605080 	 5.000000 	 9.965928
4760.000000 	 0.000000 	 5.000000 	 10.067979
4770.000000 	 46.633430 	 5.000000 	 9.969744
4780.000000 	 0.000000 	 5.000000 	 10.071841
4790.000000 	 46.658005 	 5.000000 	 9.973532
4800.000000 	 0.000000 	 5.000000 	 10.075660
4810.000000 	 46.678856 	 5.000000 	 9.977276
4820.000000 	 0.000000 	 5.000000 	 10.079420
4830.000000 	 46.696049 	 5.000000 	 9.980964
4840.000000 	 0.000000 	 5.000000 	 10.083110
4850.000000 	 46.709656 	 5.000000 	 9.984582
4860.000000 	 0.000000 	 5.000000 	 10.086716
4870.000000 	 46.719769 	 5.000000 	 9.988117
4880.000000 	 0.000000 	 5.000000 	 10.090225
4890.000000 	 46.726490 	 5.000000 	 9.991559
4900.000000 	 0.000000 	 5.000000 	 10.093630
4910.000000 	 46.729923 	 5.000000 	 9.994898
4920.000000 	 0.000000 	 5.000000 	 10.096918
4930.000000 	 46.730183 	 5.000000 	 9.998122
4940.000000 	 0.000000 	 5.000000 	 10.100081
4950.000000 	 0.000000 	 5.000000 	 10.001224
4960.000000 	 46.873730 	 5.000000 	 9.904283
4970.000000 	 0.000000 	 5.000000 	 10.008671
4980.000000 	 46.957623 	 5.000000 	 9.911586
4990.000000 	 0.000000 	 5.000000 	 10.016190
5000.000000 	 47.034977 	 5.000000 	 9.918959
5010.000000 	 0.000000 	 5.000000 	 10.023748
5020.000000 	 47.104900 	 5.000000 	 9.926371
5030.000000 	 0.000000 	 5.000000 	 10.031315
5040.000000 	 47.167400 	 5.000000 	 9.933790
5050.000000 	 0.000000 	 5.000000 	 10.038857
5060.000000 	 47.222519 	 5.000000 	 9.941186
5070.000000 	 0.000000 	 5.000000 	 10.046343
5080.000000 	 47.270317 	 5.000000 	 9.948527
5090.000000 	 0.000000 	 5.000000 	 10.053745
5100.000000 	 47.310902 	 5.000000 	 9.955787
5110.000000 	 0.000000 	 5.000000 	 10.061037
5120.000000 	 47.344391 	 5.000000 	 9.962936
5130.000000 	 0.000000 	 5.000000 	 10.068191
5140.000000 	 47.370926 	 5.000000 	 9.969952
5150.000000 	 0.000000 	 5.000000 	 10.075183
5160.000000 	 47.390686 	 5.000000 	 9.976809
5170.000000 	 0.000000 	 5.000000 	 10.081991
5180.000000 	 47.403862 	 5.000000 	 9.983484
5190.000000 	 0.000000 	 5.000000 	 10.088593
5200.000000 	 47.410664 	 5.000000 	 9.989959
5210.000000 	 0.000000 	 5.000000 	 10.094972
5220.000000 	 47.411316 	 5.000000 	 9.996214
5230.000000 	 0.000000 	 5.000000 	 10.101108
5240.000000 	 0.000000 	 5.000000 	 10.002231
5250.000000 	 47.552364 	 5.000000 	 9.905271
5260.000000 	 0.000000 	 5.000000 	 10.012527
5270.000000 	 47.631138 	 5.000000 	 9.915367
5280.000000 	 0.000000 	 5.000000 	 10.022763
5290.000000 	 47.700714 	 5.000000 	 9.925405
5300.000000 	 0.000000 	 5.000000 	 10.032902
5310.000000 	 47.760391 	 5.000000 	 9.935347
5320.000000 	 0.000000 	 5.000000 	 10.042906
5330.000000 	 47.810329 	 5.000000 	 9.945157
5340.000000 	 0.000000 	 5.000000 	 10.052738
5350.000000 	 47.850704 	 5.000000 	 9.954799
5360.000000 	 0.000000 	 5.000000 	 10.062366
5370.000000 	 47.881748 	 5.000000 	 9.964239
5380.000000 	 0.000000 	 5.000000 	 10.071754
5390.000000 	 47.903694 	 5.000000 	 9.973446
5400.000000 	 0.000000 	 5.000000 	 10.080876
5410.000000 	 47.916824 	 5.000000 	 9.982391
5420.000000 	 0.000000 	 5.000000 	 10.089705
5430.000000 	 47.921444 	 5.000000 	 9.991049
5440.000000 	 0.000000 	 5.000000 	 10.098213
5450.000000 	 47.917877 	 5.000000 	 9.999393
5460.000000 	 0.000000 	 5.000000 	 10.106380
5470.000000 	 0.000000 	 5.000000 	 10.007401
5480.000000 	 48.052868 	 5.000000 	 9.910339
5490.000000 	 0.000000 	 5.000000 	 10.019628
5500.000000 	 48.123772 	 5.000000 	 9.922330
5510.000000 	 0.000000 	 5.000000 	 10.031688
5520.000000 	 48.183697 	 5.000000 	 9.934156
5530.000000 	 0.000000 	 5.000000 	 10.043540
5540.000000 	 48.232105 	 5.000000 	 9.945779
5550.000000 	 0.000000 	 5.000000 	 10.055143
5560.000000 	 48.269257 	 5.000000 	 9.957157
5570.000000 	 0.000000 	 5.000000 	 10.066459
5580.000000 	 48.295452 	 5.000000 	 9.968253
5590.000000 	 0.000000 	 5.000000 	 10.077452
5600.000000 	 48.311024 	 5.000000 	 9.979033
5610.000000 	 0.000000 	 5.000000 	 10.088089
5620.000000 	 48.316341 	 5.000000 	 9.989465
5630.000000 	 0.000000 	 5.000000 	 10.098340
5640.000000 	 48.311794 	 5.000000 	 9.999516
5650.000000 	 0.000000 	 5.000000 	 10.108178
5660.000000 	 0.000000 	 5.000000 	 10.009164
5670.000000 	 48.444218 	 5.000000 	 9.912069
5680.000000 	 0.000000 	 5.000000 	 10.022989
5690.000000 	 48.511078 	 5.000000 	 9.925627
5700.000000 	 0.000000 	 5.000000 	 10.036569
5710.000000 	 48.565472 	 5.000000 	 9.938942
5720.000000 	 0.000000 	 5.000000 	 10.049857
5730.000000 	 48.606979 	 5.000000 	 9.951973
5740.000000 	 0.000000 	 5.000000 	 10.062812
5750.000000 	 48.635948 	 5.000000 	 9.964677
5760.000000 	 0.000000 	 5.000000 	 10.075393
5770.000000 	 48.652763 	 5.000000 	 9.977015
5780.000000 	 0.000000 	 5.000000 	 10.087564
5790.000000 	 48.657841 	 5.000000 	 9.988949
5800.000000 	 0.000000 	 5.000000 	 10.099288
5810.000000 	 0.000000 	 5.000000 	 10.000446
5820.000000 	 48.797768 	 5.000000 	 9.903521
5830.000000 	 0.000000 	 5.000000 	 10.016110
5840.000000 	 48.870506 	 5.000000 	 9.918881
5850.000000 	 0.000000 	 5.000000 	 10.031484
5860.000000 	 48.929012 	 5.000000 	 9.933956
5870.000000 	 0.000000 	 5.000000 	 10.046515
5880.000000 	 48.972942 	 5.000000 	 9.948695
5890.000000 	 0.000000 	 5.000000 	 10.061154
5900.000000 	 49.002708 	 5.000000 	 9.963052
5910.000000 	 0.000000 	 5.000000 	 10.075360
5920.000000 	 49.018757 	 5.000000 	 9.976982
5930.000000 	 0.000000 	 5.000000 	 10.089088
5940.000000 	 49.021572 	 5.000000 	 9.990444
5950.000000 	 0.000000 	 5.000000 	 10.102302
5960.000000 	 0.000000 	 5.000000 	 10.003402
5970.000000 	 49.157871 	 5.000000 	 9.906419
5980.000000 	 0.000000 	 5.000000 	 10.020485
5990.000000 	 49.225651 	 5.000000 	 9.923171
6000.000000 	 0.000000 	 5.000000 	 10.037201
6010.000000 	 49.277889 	 5.000000 	 9.939562
6020.000000 	 0.000000 	 5.000000 	 10.053496
6030.000000 	 49.314354 	 5.000000 	 9.955542
6040.000000 	 0.000000 	 5.000000 	 10.069322
6050.000000 	 49.335529 	 5.000000 	 9.971061
6060.000000 	 0.000000 	 5.000000 	 10.084630
6070.000000 	 49.341946 	 5.000000 	 9.986073
6080.000000 	 0.000000 	 5.000000 	 10.099379
6090.000000 	 0.000000 	 5.000000 	 10.000535
6100.000000 	 49.480247 	 5.000000 	 9.903607
6110.000000 	 0.000000 	 5.000000 	 10.019099
6120.000000 	 49.548691 	 5.000000 	 9.921811
6130.000000 	 0.000000 	 5.000000 	 10.037242
6140.000000 	 49.600189 	 5.000000 	 9.939603
6150.000000 	 0.000000 	 5.000000 	 10.054908
6160.000000 	 49.634594 	 5.000000 	 9.956926
6170.000000 	 0.000000 	 5.000000 	 10.072042
6180.000000 	 49.652458 	 5.000000 	 9.973729
6190.000000 	 0.000000 	 5.000000 	 10.088594
6200.000000 	 49.654377 	 5.000000 	 9.989960
6210.000000 	 0.000000 	 5.000000 	 10.104520
6220.000000 	 0.000000 	 5.000000 	 10.005576
6230.000000 	 49.787178 	 5.000000 	 9.908551
6240.000000 	 0.000000 	 5.000000 	 10.025254
6250.000000 	 49.849060 	 5.000000 	 9.927848
6260.000000 	 0.000000 	 5.000000 	 10.044440
6270.000000 	 49.892986 	 5.000000 	 9.946661
6280.000000 	 0.000000 	 5.000000 	 10.063075
6290.000000 	 49.918907 	 5.000000 	 9.964935
6300.000000 	 0.000000 	 5.000000 	 10.081105
6310.000000 	 49.927441 	 5.000000 	 9.982616
6320.000000 	 0.000000 	 5.000000 	 10.098480
6330.000000 	 49.919266 	 5.000000 	 9.999654
6340.000000 	 0.000000 	 5.000000 	 10.115152
6350.000000 	 0.000000 	 5.000000 	 10.016003
6360.000000 	 50.041565 	 5.000000 	 9.918776
6370.000000 	 0.000000 	 5.000000 	 10.036363
6380.000000 	 50.092232 	 5.000000 	 9.938741
6390.000000 	 0.000000 	 5.000000 	 10.056156
6400.000000 	 50.124374 	 5.000000 	 9.958150
6410.000000 	 0.000000 	 5.000000 	 10.075326
6420.000000 	 50.138020 	 5.000000 	 9.976949
6430.000000 	 0.000000 	 5.000000 	 10.093819
6440.000000 	 50.133865 	 5.000000 	 9.995083
6450.000000 	 0.000000 	 5.000000 	 10.111583
6460.000000 	 0.000000 	 5.000000 	 10.012503
6470.000000 	 50.259003 	 5.000000 	 9.915343
6480.000000 	 0.000000 	 5.000000 	 10.033921
6490.000000 	 50.311565 	 5.000000 	 9.936347
6500.000000 	 0.000000 	 5.000000 	 10.054742
6510.000000 	 50.344589 	 5.000000 	 9.956763
6520.000000 	 0.000000 	 5.000000 	 10.074903
6530.000000 	 50.358166 	 5.000000 	 9.976533
6540.000000 	 0.000000 	 5.000000 	 10.094347
6550.000000 	 50.353020 	 5.000000 	 9.995601
6560.000000 	 0.000000 	 5.000000 	 10.113024
6570.000000 	 0.000000 	 5.000000 	 10.013915
6580.000000 	 50.476326 	 5.000000 	 9.916728
6590.000000 	 0.000000 	 5.000000 	 10.036204
6600.000000 	 50.526241 	 5.000000 	 9.938585
6610.000000 	 0.000000 	 5.000000 	 10.057851
6620.000000 	 50.555809 	 5.000000 	 9.959812
6630.000000 	 0.000000 	 5.000000 	 10.078792
6640.000000 	 50.565186 	 5.000000 	 9.980347
6650.000000 	 0.000000 	 5.000000 	 10.098969
6660.000000 	 0.000000 	 5.000000 	 10.000133
6670.000000 	 50.701103 	 5.000000 	 9.903213
6680.000000 	 0.000000 	 5.000000 	 10.023908
6690.000000 	 50.762379 	 5.000000 	 9.926527
6700.000000 	 0.000000 	 5.000000 	 10.047030
6710.000000 	 50.801830 	 5.000000 	 9.949202
6720.000000 	 0.000000 	 5.000000 	 10.069433
6730.000000 	 50.819675 	 5.000000 	 9.971169
6740.000000 	 0.000000 	 5.000000 	 10.091052
6750.000000 	 50.816696 	 5.000000 	 9.992370
6760.000000 	 0.000000 	 5.000000 	 10.111829
6770.000000 	 0.000000 	 5.000000 	 10.012744
6780.000000 	 50.940063 	 5.000000 	 9.915580
6790.000000 	 0.000000 	 5.000000 	 10.037052
6800.000000 	 50.988197 	 5.000000 	 9.939417
6810.000000 	 0.000000 	 5.000000 	 10.060632
6820.000000 	 51.014095 	 5.000000 	 9.962540
6830.000000 	 0.000000 	 5.000000 	 10.083416
6840.000000 	 51.018036 	 5.000000 	 9.984881
6850.000000 	 0.000000 	 5.000000 	 10.105342
6860.000000 	 0.000000 	 5.000000 	 10.006383
6870.000000 	 51.146996 	 5.000000 	 9.909342
6880.000000 	 0.000000 	 5.000000 	 10.031816
6890.000000 	 51.199734 	 5.000000 	 9.934281
6900.000000 	 0.000000 	 5.000000 	 10.056496
6910.000000 	 51.229137 	 5.000000 	 9.958483
6920.000000 	 0.000000 	 5.000000 	 10.080354
6930.000000 	 51.235554 	 5.000000 	 9.981879
6940.000000 	 0.000000 	 5.000000 	 10.103323
6950.000000 	 0.000000 	 5.000000 	 10.004403
6960.000000 	 51.365902 	 5.000000 	 9.907400
6970.000000 	 0.000000 	 5.000000 	 10.030843
6980.000000 	 51.419128 	 5.000000 	 9.933328
6990.000000 	 0.000000 	 5.000000 	 10.056494
7000.000000 	 51.448063 	 5.000000 	 9.958482
7010.000000 	 0.000000 	 5.000000 	 10.081284
7020.000000 	 51.453106 	 5.000000 	 9.982791
7030.000000 	 0.000000 	 5.000000 	 10.105144
7040.000000 	 0.000000 	 5.000000 	 10.006188
7050.000000 	 51.581264 	 5.000000 	 9.909151
7060.000000 	 0.000000 	 5.000000 	 10.033476
7070.000000 	 51.631508 	 5.000000 	 9.935909
7080.000000 	 0.000000 	 5.000000 	 10.059930
7090.000000 	 51.656677 	 5.000000 	 9.961851
7100.000000 	 0.000000 	 5.000000 	 10.085476
7110.000000 	 51.657246 	 5.000000 	 9.986901
7120.000000 	 0.000000 	 5.000000 	 10.110043
7130.000000 	 0.000000 	 5.000000 	 10.010992
7140.000000 	 51.780376 	 5.000000 	 9.913862
7150.000000 	 0.000000 	 5.000000 	 10.038943
7160.000000 	 51.824951 	 5.000000 	 9.941271
7170.000000 	 0.000000 	 5.000000 	 10.066010
7180.000000 	 51.843857 	 5.000000 	 9.967813
7190.000000 	 0.000000 	 5.000000 	 10.092119
7200.000000 	 51.837627 	 5.000000 	 9.993417
7210.000000 	 0.000000 	 5.000000 	 10.117199
7220.000000 	 0.000000 	 5.000000 	 10.018010
7230.000000 	 51.953693 	 5.000000 	 9.920744
7240.000000 	 0.000000 	 5.000000 	 10.046429
7250.000000 	 51.990696 	 5.000000 	 9.948611
7260.000000 	 0.000000 	 5.000000 	 10.073914
7270.000000 	 52.001648 	 5.000000 	 9.975564
7280.000000 	 0.000000 	 5.000000 	 10.100390
7290.000000 	 0.000000 	 5.000000 	 10.001528
7300.000000 	 52.132996 	 5.000000 	 9.904581
7310.000000 	 0.000000 	 5.000000 	 10.031342
7320.000000 	 52.184139 	 5.000000 	 9.933817
7330.000000 	 0.000000 	 5.000000 	 10.060229
7340.000000 	 52.207817 	 5.000000 	 9.962145
7350.000000 	 0.000000 	 5.000000 	 10.088109
7360.000000 	 52.204659 	 5.000000 	 9.989484
7370.000000 	 0.000000 	 5.000000 	 10.114904
7380.000000 	 0.000000 	 5.000000 	 10.015759
7390.000000 	 52.322029 	 5.000000 	 9.918537
7400.000000 	 0.000000 	 5.000000 	 10.045832
7410.000000 	 52.358845 	 5.000000 	 9.948026
7420.000000 	 0.000000 	 5.000000 	 10.074906
7430.000000 	 52.368046 	 5.000000 	 9.976537
7440.000000 	 0.000000 	 5.000000 	 10.102903
7450.000000 	 0.000000 	 5.000000 	 10.003991
7460.000000 	 52.496223 	 5.000000 	 9.906997
7470.000000 	 0.000000 	 5.000000 	 10.035256
7480.000000 	 52.542850 	 5.000000 	 9.937655
7490.000000 	 0.000000 	 5.000000 	 10.065519
7500.000000 	 52.560673 	 5.000000 	 9.967332
7510.000000 	 0.000000 	 5.000000 	 10.094696
7520.000000 	 52.550411 	 5.000000 	 9.995943
7530.000000 	 0.000000 	 5.000000 	 10.122709
7540.000000 	 0.000000 	 5.000000 	 10.023413
7550.000000 	 52.659737 	 5.000000 	 9.926042
7560.000000 	 0.000000 	 5.000000 	 10.054628
7570.000000 	 52.687382 	 5.000000 	 9.956653
7580.000000 	 0.000000 	 5.000000 	 10.084764
7590.000000 	 52.686394 	 5.000000 	 9.986203
7600.000000 	 0.000000 	 5.000000 	 10.113737
7610.000000 	 0.000000 	 5.000000 	 10.014615
7620.000000 	 52.803764 	 5.000000 	 9.917415
7630.000000 	 0.000000 	 5.000000 	 10.046781
7640.000000 	 52.838669 	 5.000000 	 9.948956
7650.000000 	 0.000000 	 5.000000 	 10.077861
7660.000000 	 52.843983 	 5.000000 	 9.979434
7670.000000 	 0.000000 	 5.000000 	 10.107770
7680.000000 	 0.000000 	 5.000000 	 10.008763
7690.000000 	 52.966560 	 5.000000 	 9.911676
7700.000000 	 0.000000 	 5.000000 	 10.041847
7710.000000 	 53.005863 	 5.000000 	 9.944118
7720.000000 	 0.000000 	 5.000000 	 10.073827
7730.000000 	 53.014694 	 5.000000 	 9.975478
7740.000000 	 0.000000 	 5.000000 	 10.104617
7750.000000 	 0.000000 	 5.000000 	 10.005672
7760.000000 	 53.139820 	 5.000000 	 9.908645
7770.000000 	 0.000000 	 5.000000 	 10.039611
7780.000000 	 53.180920 	 5.000000 	 9.941925
7790.000000 	 0.000000 	 5.000000 	 10.072421
7800.000000 	 53.190720 	 5.000000 	 9.974100
7810.000000 	 0.000000 	 5.000000 	 10.104014
7820.000000 	 0.000000 	 5.000000 	 10.005081
7830.000000 	 53.316013 	 5.000000 	 9.908066
7840.000000 	 0.000000 	 5.000000 	 10.039793
7850.000000 	 53.356567 	 5.000000 	 9.942104
7860.000000 	 0.000000 	 5.000000 	 10.073344
7870.000000 	 53.365101 	 5.000000 	 9.975005
7880.000000 	 0.000000 	 5.000000 	 10.105644
7890.000000 	 0.000000 	 5.000000 	 10.006680
7900.000000 	 53.488480 	 5.000000 	 9.909633
7910.000000 	 0.000000 	 5.000000 	 10.042064
7920.000000 	 53.526493 	 5.000000 	 9.944331
7930.000000 	 0.000000 	 5.000000 	 10.076251
7940.000000 	 53.531864 	 5.000000 	 9.977856
7950.000000 	 0.000000 	 5.000000 	 10.109149
7960.000000 	 0.000000 	 5.000000 	 10.010116
7970.000000 	 53.651600 	 5.000000 	 9.913002
7980.000000 	 0.000000 	 5.000000 	 10.046062
7990.000000 	 53.685425 	 5.000000 	 9.948252
8000.000000 	 0.000000 	 5.000000 	 10.080771
8010.000000 	 53.686108 	 5.000000 	 9.982288
8020.000000 	 0.000000 	 5.000000 	 10.114152
8030.000000 	 0.000000 	 5.000000 	 10.015022
8040.000000 	 53.800838 	 5.000000 	 9.917814
8050.000000 	 0.000000 	 5.000000 	 10.051415
8060.000000 	 53.829205 	 5.000000 	 9.953502
8070.000000 	 0.000000 	 5.000000 	 10.086532
8080.000000 	 53.824036 	 5.000000 	 9.987937
8090.000000 	 0.000000 	 5.000000 	 10.120277
8100.000000 	 0.000000 	 5.000000 	 10.021029
8110.000000 	 53.932747 	 5.000000 	 9.923704
8120.000000 	 0.000000 	 5.000000 	 10.057753
8130.000000 	 53.954739 	 5.000000 	 9.959716
8140.000000 	 0.000000 	 5.000000 	 10.093160
8150.000000 	 53.942928 	 5.000000 	 9.994437
8160.000000 	 0.000000 	 5.000000 	 10.127158
8170.000000 	 0.000000 	 5.000000 	 10.027777
8180.000000 	 54.044960 	 5.000000 	 9.930321
8190.000000 	 0.000000 	 5.000000 	 10.064718
8200.000000 	 54.060024 	 5.000000 	 9.966546
8210.000000 	 0.000000 	 5.000000 	 10.100306
8220.000000 	 0.000000 	 5.000000 	 10.001444
8230.000000 	 54.186806 	 5.000000 	 9.904498
8240.000000 	 0.000000 	 5.000000 	 10.040000
8250.000000 	 54.225349 	 5.000000 	 9.942307
8260.000000 	 0.000000 	 5.000000 	 10.077240
8270.000000 	 54.228252 	 5.000000 	 9.978826
8280.000000 	 0.000000 	 5.000000 	 10.113063
8290.000000 	 0.000000 	 5.000000 	 10.013954
8300.000000 	 54.342770 	 5.000000 	 9.916766
8310.000000 	 0.000000 	 5.000000 	 10.052693
8320.000000 	 54.368782 	 5.000000 	 9.954755
8330.000000 	 0.000000 	 5.000000 	 10.090057
8340.000000 	 54.359051 	 5.000000 	 9.991394
8350.000000 	 0.000000 	 5.000000 	 10.125944
8360.000000 	 0.000000 	 5.000000 	 10.026587
8370.000000 	 54.461273 	 5.000000 	 9.929153
8380.000000 	 0.000000 	 5.000000 	 10.065345
8390.000000 	 54.474869 	 5.000000 	 9.967161
8400.000000 	 0.000000 	 5.000000 	 10.102674
8410.000000 	 0.000000 	 5.000000 	 10.003766
8420.000000 	 54.598503 	 5.000000 	 9.906775
8430.000000 	 0.000000 	 5.000000 	 10.043984
8440.000000 	 54.632359 	 5.000000 	 9.946215
8450.000000 	 0.000000 	 5.000000 	 10.082804
8460.000000 	 54.629036 	 5.000000 	 9.984282
8470.000000 	 0.000000 	 5.000000 	 10.120119
8480.000000 	 0.000000 	 5.000000 	 10.020874
8490.000000 	 54.736069 	 5.000000 	 9.923553
8500.000000 	 0.000000 	 5.000000 	 10.061022
8510.000000 	 54.753250 	 5.000000 	 9.962921
8520.000000 	 0.000000 	 5.000000 	 10.099701
8530.000000 	 0.000000 	 5.000000 	 10.000852
8540.000000 	 54.879028 	 5.000000 	 9.903918
8550.000000 	 0.000000 	 5.000000 	 10.042377
8560.000000 	 54.913849 	 5.000000 	 9.944637
8570.000000 	 0.000000 	 5.000000 	 10.082455
8580.000000 	 54.910244 	 5.000000 	 9.983939
8590.000000 	 0.000000 	 5.000000 	 10.120979
8600.000000 	 0.000000 	 5.000000 	 10.021717
8610.000000 	 55.015850 	 5.000000 	 9.924378
8620.000000 	 0.000000 	 5.000000 	 10.063023
8630.000000 	 55.030518 	 5.000000 	 9.964884
8640.000000 	 0.000000 	 5.000000 	 10.102805
8650.000000 	 0.000000 	 5.000000 	 10.003895
8660.000000 	 55.152782 	 5.000000 	 9.906901
8670.000000 	 0.000000 	 5.000000 	 10.046467
8680.000000 	 55.183094 	 5.000000 	 9.948648
8690.000000 	 0.000000 	 5.000000 	 10.087534
8700.000000 	 55.174026 	 5.000000 	 9.988920
8710.000000 	 0.000000 	 5.000000 	 10.126987
8720.000000 	 0.000000 	 5.000000 	 10.027608
8730.000000 	 55.273438 	 5.000000 	 9.930156
8740.000000 	 0.000000 	 5.000000 	 10.069784
8750.000000 	 55.281067 	 5.000000 	 9.971514
8760.000000 	 0.000000 	 5.000000 	 10.110373
8770.000000 	 0.000000 	 5.000000 	 10.011315
8780.000000 	 55.395714 	 5.000000 	 9.914179
8790.000000 	 0.000000 	 5.000000 	 10.054637
8800.000000 	 55.417664 	 5.000000 	 9.956660
8810.000000 	 0.000000 	 5.000000 	 10.096389
8820.000000 	 55.399574 	 5.000000 	 9.997603
8830.000000 	 0.000000 	 5.000000 	 10.136461
8840.000000 	 0.000000 	 5.000000 	 10.036899
8850.000000 	 55.489655 	 5.000000 	 9.939266
8860.000000 	 0.000000 	 5.000000 	 10.079638
8870.000000 	 55.487358 	 5.000000 	 9.981177
8880.000000 	 0.000000 	 5.000000 	 10.120727
8890.000000 	 0.000000 	 5.000000 	 10.021469
8900.000000 	 55.591896 	 5.000000 	 9.924135
8910.000000 	 0.000000 	 5.000000 	 10.065235
8920.000000 	 55.603245 	 5.000000 	 9.967053
8930.000000 	 0.000000 	 5.000000 	 10.107369
8940.000000 	 0.000000 	 5.000000 	 10.008371
8950.000000 	 55.719955 	 5.000000 	 9.911291
8960.000000 	 0.000000 	 5.000000 	 10.053185
8970.000000 	 55.742626 	 5.000000 	 9.955236
8980.000000 	 0.000000 	 5.000000 	 10.096375
8990.000000 	 55.723846 	 5.000000 	 9.997589
9000.000000 	 0.000000 	 5.000000 	 10.137827
9010.000000 	 0.000000 	 5.000000 	 10.038239
9020.000000 	 55.811916 	 5.000000 	 9.940579
9030.000000 	 0.000000 	 5.000000 	 10.082297
9040.000000 	 55.806393 	 5.000000 	 9.983785
9050.000000 	 0.000000 	 5.000000 	 10.124641
9060.000000 	 0.000000 	 5.000000 	 10.025309
9070.000000 	 55.906555 	 5.000000 	 9.927900
9080.000000 	 0.000000 	 5.000000 	 10.070266
9090.000000 	 55.912415 	 5.000000 	 9.971987
9100.000000 	 0.000000 	 5.000000 	 10.113523
9110.000000 	 0.000000 	 5.000000 	 10.014406
9120.000000 	 56.022697 	 5.000000 	 9.917210
9130.000000 	 0.000000 	 5.000000 	 10.060277
9140.000000 	 56.037914 	 5.000000 	 9.962192
9150.000000 	 0.000000 	 5.000000 	 10.104452
9160.000000 	 0.000000 	 5.000000 	 10.005510
9170.000000 	 56.156368 	 5.000000 	 9.908486
9180.000000 	 0.000000 	 5.000000 	 10.052291
9190.000000 	 56.178989 	 5.000000 	 9.954360
9200.000000 	 0.000000 	 5.000000 	 10.097372
9210.000000 	 56.158302 	 5.000000 	 9.998568
9220.000000 	 0.000000 	 5.000000 	 10.140635
9230.000000 	 0.000000 	 5.000000 	 10.040991
9240.000000 	 56.242779 	 5.000000 	 9.943279
9250.000000 	 0.000000 	 5.000000 	 10.086778
9260.000000 	 56.232048 	 5.000000 	 9.988178
9270.000000 	 0.000000 	 5.000000 	 10.130760
9280.000000 	 0.000000 	 5.000000 	 10.031308
9290.000000 	 56.325554 	 5.000000 	 9.933784
9300.000000 	 0.000000 	 5.000000 	 10.077819
9310.000000 	 56.323269 	 5.000000 	 9.979393
9320.000000 	 0.000000 	 5.000000 	 10.122534
9330.000000 	 0.000000 	 5.000000 	 10.023242
9340.000000 	 56.424232 	 5.000000 	 9.925874
9350.000000 	 0.000000 	 5.000000 	 10.070481
9360.000000 	 56.428799 	 5.000000 	 9.972198
9370.000000 	 0.000000 	 5.000000 	 10.115927
9380.000000 	 0.000000 	 5.000000 	 10.016763
9390.000000 	 56.535683 	 5.000000 	 9.919520
9400.000000 	 0.000000 	 5.000000 	 10.064726
9410.000000 	 56.545555 	 5.000000 	 9.966554
9420.000000 	 0.000000 	 5.000000 	 10.110889
9430.000000 	 0.000000 	 5.000000 	 10.011823
9440.000000 	 56.656864 	 5.000000 	 9.914677
9450.000000 	 0.000000 	 5.000000 	 10.060492
9460.000000 	 56.670555 	 5.000000 	 9.962401
9470.000000 	 0.000000 	 5.000000 	 10.107349
9480.000000 	 0.000000 	 5.000000 	 10.008351
9490.000000 	 56.784882 	 5.000000 	 9.911272
9500.000000 	 0.000000 	 5.000000 	 10.057697
9510.000000 	 56.800999 	 5.000000 	 9.959661
9520.000000 	 0.000000 	 5.000000 	 10.105218
9530.000000 	 0.000000 	 5.000000 	 10.006261
9540.000000 	 56.917015 	 5.000000 	 9.909223
9550.000000 	 0.000000 	 5.000000 	 10.056250
9560.000000 	 56.934250 	 5.000000 	 9.958241
9570.000000 	 0.000000 	 5.000000 	 10.104392
9580.000000 	 0.000000 	 5.000000 	 10.005451
9590.000000 	 57.050739 	 5.000000 	 9.908428
9600.000000 	 0.000000 	 5.000000 	 10.056040
9610.000000 	 57.067894 	 5.000000 	 9.958036
9620.000000 	 0.000000 	 5.000000 	 10.104760
9630.000000 	 0.000000 	 5.000000 	 10.005812
9640.000000 	 57.183735 	 5.000000 	 9.908782
9650.000000 	 0.000000 	 5.000000 	 10.056953
9660.000000 	 57.199738 	 5.000000 	 9.958932
9670.000000 	 0.000000 	 5.000000 	 10.106198
9680.000000 	 0.000000 	 5.000000 	 10.007223
9690.000000 	 57.313942 	 5.000000 	 9.910166
9700.000000 	 0.000000 	 5.000000 	 10.058864
9710.000000 	 57.327831 	 5.000000 	 9.960806
9720.000000 	 0.000000 	 5.000000 	 10.108582
9730.000000 	 0.000000 	 5.000000 	 10.009560
9740.000000 	 57.439529 	 5.000000 	 9.912457
9750.000000 	 0.000000 	 5.000000 	 10.061645
9760.000000 	 57.450485 	 5.000000 	 9.963532
9770.000000 	 0.000000 	 5.000000 	 10.111777
9780.000000 	 0.000000 	 5.000000 	 10.012693
9790.000000 	 57.558922 	 5.000000 	 9.915530
9800.000000 	 0.000000 	 5.000000 	 10.065166
9810.000000 	 57.566242 	 5.000000 	 9.966986
9820.000000 	 0.000000 	 5.000000 	 10.115656
9830.000000 	 0.000000 	 5.000000 	 10.016497
9840.000000 	 57.670811 	 5.000000 	 9.919260
9850.000000 	 0.000000 	 5.000000 	 10.069300
9860.000000 	 57.673923 	 5.000000 	 9.971039
9870.000000 	 0.000000 	 5.000000 	 10.120089
9880.000000 	 0.000000 	 5.000000 	 10.020844
9890.000000 	 57.774117 	 5.000000 	 9.923522
9900.000000 	 0.000000 	 5.000000 	 10.073919
9910.000000 	 57.772568 	 5.000000 	 9.975569
9920.000000 	 0.000000 	 5.000000 	 10.124950
9930.000000 	 0.000000 	 5.000000 	 10.025611
9940.000000 	 57.868008 	 5.000000 	 9.928197
9950.000000 	 0.000000 	 5.000000 	 10.078903
9960.000000 	 57.861469 	 5.000000 	 9.980456
9970.000000 	 0.000000 	 5.000000 	 10.130121
9980.000000 	 0.000000 	 5.000000 	 10.030682
9990.000000 	 57.951893 	 5.000000 	 9.933169
10000.000000 	 0.000000 	 5.000000 	 10.084136
